// Letra D:

1     1     1     1     0
1     0     0     0     1
1     0     0     0     1
1     0     0     0     1
1     0     0     0     1
1     0     0     0     1
1     1     1     1     0


// Letra F:

1     1     1     1     1
1     0     0     0     0
1     0     0     0     0
1     1     1     0     0
1     0     0     0     0
1     0     0     0     0
1     0     0     0     0


// Letra G:

0     1     1     1     0
1     0     0     0     1
1     0     0     0     0
1     0     0     0     0
1     0     0     1     1
1     0     0     0     1
0     1     1     1     1

// Letra H:

1     0     0     0     1
1     0     0     0     1
1     0     0     0     1
1     1     1     1     1
1     0     0     0     1
1     0     0     0     1
1     0     0     0     1


// Letra N:

1     0     0     0     1
1     1     0     0     1
1     0     1     0     1
1     0     1     0     1
1     0     1     0     1
1     0     0     1     1
1     0     0     0     1


// Letra O:

0     1     1     1     0
1     0     0     0     1
1     0     0     0     1
1     0     0     0     1
1     0     0     0     1
1     0     0     0     1
0     1     1     1     0

// Letra P:

1     1     1     1     0
1     0     0     0     1
1     0     0     0     1
1     1     1     1     0
1     0     0     0     0
1     0     0     0     0
1     0     0     0     0

// Letra T:

1     1     1     1     1
0     0     1     0     0
0     0     1     0     0
0     0     1     0     0
0     0     1     0     0
0     0     1     0     0
0     0     1     0     0

// Letra U:

1     0     0     0     1
1     0     0     0     1
1     0     0     0     1
1     0     0     0     1
1     0     0     0     1
1     0     0     0     1
0     1     1     1     0


// Letra W:

1     0     0     0     1
1     0     0     0     1
1     0     0     0     1
1     0     1     0     1
1     0     1     0     1
1     0     1     0     1
0     1     0     1     0

// Letra Y:

1     0     0     0     1
1     0     0     0     1
0     1     0     1     0
0     0     1     0     0
0     0     1     0     0
0     0     1     0     0
0     0     1     0     0
