
// Letra F:

1     1     1     1     1
1     0     0     0     0
1     0     0     0     0
1     1     1     0     0
1     0     0     0     0
1     0     0     0     0
1     0     0     0     0


// Letra H:

1     0     0     0     1
1     0     0     0     1
1     0     0     0     1
1     1     1     1     1
1     0     0     0     1
1     0     0     0     1
1     0     0     0     1

// Letra O:

0     1     1     1     0
1     0     0     0     1
1     0     0     0     1
1     0     0     0     1
1     0     0     0     1
1     0     0     0     1
0     1     1     1     0

// Letra T:

1     1     1     1     1
0     0     1     0     0
0     0     1     0     0
0     0     1     0     0
0     0     1     0     0
0     0     1     0     0
0     0     1     0     0

// Letra Y:

1     0     0     0     1
1     0     0     0     1
0     1     0     1     0
0     0     1     0     0
0     0     1     0     0
0     0     1     0     0
0     0     1     0     0
