Entrenado en 100 epocas
[ 3.14  3.09] [ 3.17983286  3.13612425]
[ 3.09  3.03] [ 3.17090547  3.13435899]
[ 3.03  2.98] [ 3.16172137  3.13242605]
[ 2.98  2.92] [ 3.14984119  3.12808867]
[ 2.92  2.87] [ 3.13941567  3.12526611]
[ 2.87  2.81] [ 3.12782936  3.1225428 ]
[ 2.81  2.75] [ 3.1166561   3.11916988]
[ 2.75  2.69] [ 3.10427383  3.11584645]
[ 2.69  2.63] [ 3.08924076  3.10904151]
[ 2.63  2.57] [ 3.07503367  3.10428326]
[ 2.57  2.51] [ 3.06023897  3.09903112]
[ 2.51  2.45] [ 3.04481764  3.09323748]
[ 2.45  2.39] [ 3.02872726  3.08684992]
[ 2.39  2.33] [ 3.01192164  3.07981069]
[ 2.33  2.27] [ 2.99435039  3.0720561 ]
[ 2.27  2.2 ] [ 2.97595846  3.06351582]
[ 2.2   2.14] [ 2.95668559  3.05411209]
[ 2.14  2.08] [ 2.93160499  3.03905128]
[ 2.08  2.02] [ 2.90867732  3.02618432]
[ 2.02  1.95] [ 2.8890503   3.01759976]
[ 1.95  1.89] [ 2.8653153   3.00355794]
[ 1.89  1.83] [ 2.8341212   2.98188183]
[ 1.83  1.76] [ 2.80545861  2.96280032]
[ 1.76  1.7 ] [ 2.78101029  2.94897014]
[ 1.7   1.64] [ 2.74360984  2.92013783]
[ 1.64  1.58] [ 2.70906463  2.89427907]
[ 1.58  1.52] [ 2.67954088  2.87459155]
[ 1.52  1.46] [ 2.64307515  2.84583683]
[ 1.46  1.4 ] [ 2.60412032  2.81406295]
[ 1.4   1.34] [ 2.56242264  2.77893194]
[ 1.34  1.28] [ 2.51769704  2.74006636]
[ 1.28  1.22] [ 2.46962372  2.69704562]
[ 1.22  1.16] [ 2.41784493  2.6494025 ]
[ 1.16  1.1 ] [ 2.36196213  2.59662044]
[ 1.1   1.05] [ 2.30153409  2.53813173]
[ 1.05  0.99] [ 2.23607633  2.47331756]
[ 0.99  0.94] [ 2.1818169   2.42187107]
[ 0.94  0.89] [ 2.11112823  2.34960097]
[ 0.89  0.83] [ 2.03776445  2.27309881]
[ 0.83  0.78] [ 1.97555184  2.2111829 ]
[ 0.78  0.73] [ 1.8761174   2.10114213]
[ 0.73  0.69] [ 1.78461366  2.00193942]
[ 0.69  0.64] [ 1.70626071  1.92027704]
[ 0.64  0.59] [ 1.63519994  1.84626606]
[ 0.59  0.55] [ 1.54123674  1.74206947]
[ 0.55  0.51] [ 1.41882952  1.60080493]
[ 0.51  0.47] [ 1.33372099  1.50971937]
[ 0.47  0.43] [ 1.25362543  1.42391796]
[ 0.43  0.39] [ 1.15445263  1.31149247]
[ 0.39  0.35] [ 1.0513466   1.19409128]
[ 0.35  0.32] [ 0.94453415  1.07198534]
[ 0.32  0.28] [ 0.83431304  0.9455344 ]
[ 0.28  0.25] [ 0.75670356  0.86165941]
[ 0.25  0.22] [ 0.6519683   0.74066762]
[ 0.22  0.19] [ 0.55362702  0.62741214]
[ 0.19  0.17] [ 0.48258338  0.55045878]
[ 0.17  0.14] [ 0.39293765  0.44664187]
[ 0.14  0.12] [ 0.3400934   0.39098889]
[ 0.12  0.1 ] [ 0.26041033  0.29818026]
[ 0.1   0.08] [ 0.18917228  0.21581234]
[ 0.08  0.07] [ 0.14681754  0.1718621 ]
[ 0.07  0.05] [ 0.08643295  0.1016592 ]
[ 0.05  0.04] [ 0.06356309  0.08068382]
[ 0.04  0.03] [ 0.01414424  0.0228176 ]
[ 0.03  0.02] [-0.02659093 -0.02422267]
[ 0.02  0.01] [-0.03855964 -0.0329244 ]
[ 0.01  0.  ] [-0.06843755 -0.0677151 ]
[ 0.  0.] [-0.09823013 -0.10241159]
[ 0.  0.] [-0.12792836 -0.13700228]
[ 0.  0.] [-0.12069544 -0.12300919]
[ 0.  0.] [-0.10282637 -0.09698222]
[ 0.    0.01] [-0.10282637 -0.09698222]
[ 0.01  0.01] [-0.10282637 -0.09698222]
[ 0.01  0.02] [-0.06581758 -0.0482683 ]
[ 0.02  0.03] [-0.05514366 -0.03619754]
[ 0.03  0.05] [-0.03597037 -0.0134859 ]
[ 0.05  0.06] [ 0.0119584   0.04758522]
[ 0.06  0.08] [ 0.07934219  0.13166221]
[ 0.08  0.1 ] [ 0.12024838  0.17889183]
[ 0.1   0.12] [ 0.16981017  0.23688467]
[ 0.12  0.14] [ 0.24829741  0.33329171]
[ 0.14  0.16] [ 0.30867088  0.40330099]
[ 0.16  0.19] [ 0.36893631  0.47308664]
[ 0.19  0.22] [ 0.42901667  0.54255281]
[ 0.22  0.24] [ 0.52579271  0.65974318]
[ 0.24  0.28] [ 0.63213622  0.78716439]
[ 0.28  0.31] [ 0.68351348  0.84060906]
[ 0.31  0.34] [ 0.79542524  0.97420571]
[ 0.34  0.38] [ 0.90708991  1.10592302]
[ 0.38  0.42] [ 0.97304188  1.17564806]
[ 0.42  0.46] [ 1.08713381  1.3093994 ]
[ 0.46  0.5 ] [ 1.2064423   1.44771894]
[ 0.5   0.54] [ 1.30566549  1.55798438]
[ 0.54  0.58] [ 1.40075048  1.66295451]
[ 0.58  0.63] [ 1.49158957  1.76253672]
[ 0.63  0.67] [ 1.57813556  1.85671008]
[ 0.67  0.72] [ 1.6858334   1.97700749]
[ 0.72  0.77] [ 1.76959898  2.06625771]
[ 0.77  0.82] [ 1.85287919  2.15407666]
[ 0.82  0.87] [ 1.94795794  2.25686188]
[ 0.87  0.93] [ 2.02557572  2.33642936]
[ 0.93  0.98] [ 2.09771002  2.40931943]
[ 0.98  1.03] [ 2.18173886  2.49604818]
[ 1.03  1.09] [ 2.24745152  2.5600902 ]
[ 1.09  1.15] [ 2.29592237  2.6030853 ]
[ 1.15  1.2 ] [ 2.36272356  2.66867885]
[ 1.2   1.26] [ 2.42752434  2.73081436]
[ 1.26  1.32] [ 2.46858838  2.76438455]
[ 1.32  1.38] [ 2.5148878   2.80420742]
[ 1.38  1.44] [ 2.56648738  2.85051086]
[ 1.44  1.5 ] [ 2.60858357  2.88461189]
[ 1.5   1.56] [ 2.64764459  2.91519253]
[ 1.56  1.62] [ 2.68397916  2.9426344 ]
[ 1.62  1.69] [ 2.71786098  2.96727631]
[ 1.69  1.75] [ 2.74953237  2.9894186 ]
[ 1.75  1.81] [ 2.78580986  3.01600158]
[ 1.81  1.87] [ 2.81498366  3.03485817]
[ 1.87  1.94] [ 2.83752944  3.04588502]
[ 1.94  2.  ] [ 2.86203428  3.06015037]
